0.18832780420780182
0.18713638186454773
0.1844896376132965
0.17266544699668884

0.18067067861557007
0.17633378505706787
0.17612901329994202
0.1833982914686203
0.1791902482509613
0.1823306828737259
0.17859536409378052
0.18438798189163208
0.18455365300178528
0.18427680432796478
0.17353370785713196
0.18010085821151733
0.18168605864048004
0.17556747794151306
0.1807759702205658
0.18098792433738708
0.1795235425233841
0.18569469451904297
0.18070197105407715
0.18092812597751617
0.1789877712726593
0.1810052990913391
0.18009231984615326
0.18795731663703918
0.18145428597927094
0.18523423373699188
0.18004506826400757
0.17920155823230743
0.17851541936397552
0.17985576391220093
0.18184390664100647
0.17832358181476593
0.1827070713043213
0.18150463700294495
0.18100880086421967
0.18003854155540466
0.17763341963291168
0.18749256432056427
0.18415556848049164
0.18201713263988495
0.17863185703754425
0.17378059029579163
0.18149630725383759
0.1792869120836258
0.1865079402923584
0.1803390234708786
0.18301934003829956
0.18054063618183136
0.1794198751449585
0.1816830188035965
0.17961597442626953
0.1847018450498581
0.1810840219259262
0.17848826944828033
0.18331576883792877
0.17633502185344696
0.1785660982131958

0.1776043027639389
0.17174066603183746
0.18320578336715698
0.1787203997373581
0.1782466173171997
0.17655174434185028
0.17856313288211823
0.18636032938957214
0.1755514293909073
0.17813974618911743
0.1820569634437561
0.1815245896577835
0.18342986702919006
0.1821870356798172
0.18333281576633453
0.17509382963180542
0.18518878519535065
0.1842651069164276
0.16805678606033325
0.1789654642343521
0.17717938125133514
0.18649205565452576
0.18267780542373657
0.17974619567394257
0.17933836579322815
0.1750745177268982
0.17932046949863434
0.17700549960136414
0.1810532659292221
0.1751992106437683
0.17516490817070007
0.17592771351337433
0.18326224386692047
0.185251846909523
0.18366938829421997
0.17928048968315125
0.17436572909355164
0.17401786148548126
0.17727459967136383
0.1767778992652893
0.17508991062641144
