0.18800456821918488
0.18663771450519562
0.17982274293899536
0.18315458297729492
0.18489696085453033
0.18427853286266327
0.1839340776205063
0.18316206336021423
0.17950813472270966
0.18101143836975098
0.181454598903656
0.1844913363456726
0.18505065143108368
0.179643452167511
0.18073177337646484
0.17751891911029816
0.1793394684791565
0.1824275553226471
0.17872270941734314
0.17800064384937286
0.1767328828573227
0.1839727908372879
0.18590009212493896
0.1861058473587036
0.17393898963928223
0.18304228782653809
0.186161607503891
0.18076609075069427
0.1801690012216568
0.18666280806064606
0.1867867410182953
0.19148758053779602
0.17936895787715912
0.18336954712867737
0.1746598333120346
0.18230469524860382
0.1759900450706482
0.17112185060977936
0.17843426764011383
0.17805376648902893
0.18406976759433746
0.17262502014636993
0.1785302758216858
0.19013705849647522
0.17774619162082672
0.18594659864902496
0.1826496571302414
0.17530712485313416
0.1831459254026413
0.1845056563615799
0.17902547121047974
0.1729709357023239
0.18023844063282013
0.1839400678873062
0.1816241443157196
0.17955154180526733
0.17808063328266144
0.17769719660282135
0.18253616988658905
0.1738017052412033
0.17817853391170502
0.1834527999162674
0.17756187915802002
0.18559125065803528
0.16943663358688354
0.17687749862670898
0.18181739747524261
0.1808968037366867
0.18091268837451935
0.1789860874414444
0.17893876135349274
0.17568951845169067
0.17904691398143768
0.18361318111419678
0.17627592384815216
0.1849636435508728
0.18192169070243835
0.1891167163848877
0.18413737416267395
0.17768879234790802
0.17646048963069916
0.17567338049411774
0.17923574149608612
0.18012548983097076
0.18356750905513763
0.17833378911018372
0.18132629990577698
0.17471979558467865
0.17115303874015808
0.17820201814174652
0.1849757432937622
0.1797240972518921
0.17736883461475372
0.18706408143043518
0.17802801728248596
0.17868559062480927
0.18313051760196686
0.18071477115154266
0.17349490523338318
0.17649441957473755
0.17675694823265076
0.17776578664779663
0.1846037060022354
