0.1776314079761505
0.17597298324108124
0.18350166082382202
0.17603321373462677
0.1773819625377655
0.18236331641674042
0.18339528143405914
0.17574399709701538
0.17392300069332123
0.17881488800048828
0.17411600053310394
0.17130576074123383
0.17737232148647308
0.17583565413951874
0.17777714133262634
0.17218385636806488
0.17519254982471466
0.18062689900398254
0.17910532653331757
0.17628797888755798
0.18295077979564667
0.18423350155353546
0.18121561408042908
0.18178661167621613
0.1825302243232727
0.18097925186157227
0.18042272329330444
0.17673704028129578
0.18607927858829498
0.1798090636730194
0.17833971977233887
0.18188057839870453
0.18227875232696533
0.18409478664398193
0.18098311126232147
0.18649080395698547
0.17740148305892944
0.18066520988941193
0.18414467573165894
0.17990905046463013
0.18340946733951569
0.18170146644115448
0.1773613691329956
0.17816495895385742
0.18026874959468842
0.1790059208869934
0.17606760561466217
0.18237772583961487
0.176550954580307
0.18161778151988983
0.18287251889705658
0.1729641556739807
0.17947621643543243
0.18051272630691528
0.177989661693573
0.17864768207073212
0.1740407645702362
0.18060465157032013
0.1801268607378006
0.17447803914546967
0.17680063843727112
0.1834174245595932
0.1826588660478592
0.17829234898090363
0.1757071316242218
0.1813889741897583
0.1790662407875061
0.17829012870788574
0.1818825900554657
0.17733287811279297
0.1760626882314682
0.17677390575408936
0.1790195107460022
0.17824530601501465
0.1747511625289917
0.17593584954738617
0.17543593049049377
0.1767907738685608
0.1801557093858719
0.178645059466362
0.17638297379016876
0.17465472221374512
0.1798088550567627
0.17663142085075378
0.1762794405221939
